image: cmg_imes_flur_edit.pgm
resolution: 0.050000
origin: [-10.326469, -40.068111, 0.000000]
negate: 0
occupied_thresh: 0.65
free_thresh: 0.196

